selection sort:
bai 1:
2, 1, 10, 6, 3, 8, 7, 13, 20,
1 2 10 6 3 8 7 13 20
1 2 10 6 3 8 7 13 20
1 2 3 6 10 8 7 13 20
1 2 3 6 10 8 7 13 20
1 2 3 6 7 8 10 13 20
1 2 3 6 7 8 10 13 20
1 2 3 6 7 8 10 13 20
1 2 3 6 7 8 10 13 20
1 2 3 6 7 8 10 13 20

Bai 2:
1, 2, 3, 4, 5, 6, 7, 8, 9, 10,
1 2 3 4 5 6 7 8 9 10
1 2 3 4 5 6 7 8 9 10
1 2 3 4 5 6 7 8 9 10
1 2 3 4 5 6 7 8 9 10
1 2 3 4 5 6 7 8 9 10
1 2 3 4 5 6 7 8 9 10
1 2 3 4 5 6 7 8 9 10
1 2 3 4 5 6 7 8 9 10
1 2 3 4 5 6 7 8 9 10
1 2 3 4 5 6 7 8 9 10

10, 9, 8, 7, 6, 5, 4, 3, 2, 1,
1 9 8 7 6 5 4 3 2 10
1 2 8 7 6 5 4 3 9 10
1 2 3 7 6 5 4 8 9 10
1 2 3 4 6 5 7 8 9 10
1 2 3 4 5 6 7 8 9 10
1 2 3 4 5 6 7 8 9 10
1 2 3 4 5 6 7 8 9 10
1 2 3 4 5 6 7 8 9 10
1 2 3 4 5 6 7 8 9 10
1 2 3 4 5 6 7 8 9 10

9, 10, 1, 2, 3, 4, 5, 6, 7, 8,
1 10 9 2 3 4 5 6 7 8
1 2 9 10 3 4 5 6 7 8
1 2 3 10 9 4 5 6 7 8
1 2 3 4 9 10 5 6 7 8
1 2 3 4 5 10 9 6 7 8
1 2 3 4 5 6 9 10 7 8
1 2 3 4 5 6 7 10 9 8
1 2 3 4 5 6 7 8 9 10
1 2 3 4 5 6 7 8 9 10
1 2 3 4 5 6 7 8 9 10

3, 4, 5, 6, 7, 8, 9, 10, 1, 2,
1 4 5 6 7 8 9 10 3 2
1 2 5 6 7 8 9 10 3 4
1 2 3 6 7 8 9 10 5 4
1 2 3 4 7 8 9 10 5 6
1 2 3 4 5 8 9 10 7 6
1 2 3 4 5 6 9 10 7 8
1 2 3 4 5 6 7 10 9 8
1 2 3 4 5 6 7 8 9 10
1 2 3 4 5 6 7 8 9 10
1 2 3 4 5 6 7 8 9 10
